{"chrome": [[{"app": "chrome", "exploitable": true, "updateMech": "SU", "name": "chrome_045"}, {"app": "chrome", "exploitable": true, "updateMech": "SU", "name": "chrome_000"}, {"app": "chrome", "exploitable": true, "updateMech": "SU", "name": "chrome_080"}, {"app": "chrome", "exploitable": true, "updateMech": "SU", "name": "chrome_094"}, {"app": "chrome", "exploitable": true, "updateMech": "SU", "name": "chrome_055"}, {"app": "chrome", "exploitable": true, "updateMech": "SU", "name": "chrome_008"}, {"app": "chrome", "exploitable": true, "updateMech": "SU", "name": "chrome_033"}, {"app": "chrome", "exploitable": true, "updateMech": "SU", "name": "chrome_010"}, {"app": "chrome", "exploitable": true, "updateMech": "SU", "name": "chrome_052"}, {"app": "chrome", "exploitable": true, "updateMech": "SU", "name": "chrome_079"}, {"app": "chrome", "exploitable": true, "updateMech": "SU", "name": "chrome_059"}, {"app": "chrome", "exploitable": true, "updateMech": "SU", "name": "chrome_089"}, {"app": "chrome", "exploitable": true, "updateMech": "SU", "name": "chrome_005"}, {"app": "chrome", "exploitable": true, "updateMech": "SU", "name": "chrome_037"}, {"app": "chrome", "exploitable": true, "updateMech": "SU", "name": "chrome_076"}, {"app": "chrome", "exploitable": true, "updateMech": "SU", "name": "chrome_004"}, {"app": "chrome", "exploitable": true, "updateMech": "SU", "name": "chrome_020"}, {"app": "chrome", "exploitable": true, "updateMech": "SU", "name": "chrome_053"}, {"app": "chrome", "exploitable": true, "updateMech": "SU", "name": "chrome_054"}, {"app": "chrome", "exploitable": true, "updateMech": "SU", "name": "chrome_102"}, {"app": "chrome", "exploitable": true, "updateMech": "SU", "name": "chrome_065"}, {"app": "chrome", "exploitable": true, "updateMech": "SU", "name": "chrome_095"}, {"app": "chrome", "exploitable": true, "updateMech": "SU", "name": "chrome_003"}, {"app": "chrome", "exploitable": true, "updateMech": "SU", "name": "chrome_093"}, {"app": "chrome", "exploitable": true, "updateMech": "SU", "name": "chrome_015"}, {"app": "chrome", "exploitable": true, "updateMech": "SU", "name": "chrome_070"}, {"app": "chrome", "exploitable": true, "updateMech": "SU", "name": "chrome_087"}, {"app": "chrome", "exploitable": true, "updateMech": "SU", "name": "chrome_026"}, {"app": "chrome", "exploitable": true, "updateMech": "SU", "name": "chrome_058"}, {"app": "chrome", "exploitable": true, "updateMech": "SU", "name": "chrome_050"}, {"app": "chrome", "exploitable": true, "updateMech": "SU", "name": "chrome_067"}, {"app": "chrome", "exploitable": true, "updateMech": "SU", "name": "chrome_086"}, {"app": "chrome", "exploitable": true, "updateMech": "SU", "name": "chrome_029"}, {"app": "chrome", "exploitable": true, "updateMech": "SU", "name": "chrome_077"}, {"app": "chrome", "exploitable": true, "updateMech": "SU", "name": "chrome_063"}, {"app": "chrome", "exploitable": true, "updateMech": "SU", "name": "chrome_066"}, {"app": "chrome", "exploitable": true, "updateMech": "SU", "name": "chrome_084"}, {"app": "chrome", "exploitable": true, "updateMech": "SU", "name": "chrome_023"}, {"app": "chrome", "exploitable": true, "updateMech": "SU", "name": "chrome_072"}, {"app": "chrome", "exploitable": true, "updateMech": "SU", "name": "chrome_083"}, {"app": "chrome", "exploitable": true, "updateMech": "SU", "name": "chrome_064"}, {"app": "chrome", "exploitable": true, "updateMech": "SU", "name": "chrome_028"}, {"app": "chrome", "exploitable": true, "updateMech": "SU", "name": "chrome_096"}, {"app": "chrome", "exploitable": true, "updateMech": "SU", "name": "chrome_018"}, {"app": "chrome", "exploitable": true, "updateMech": "SU", "name": "chrome_034"}, {"app": "chrome", "exploitable": true, "updateMech": "SU", "name": "chrome_036"}, {"app": "chrome", "exploitable": true, "updateMech": "SU", "name": "chrome_051"}, {"app": "chrome", "exploitable": true, "updateMech": "SU", "name": "chrome_032"}, {"app": "chrome", "exploitable": true, "updateMech": "SU", "name": "chrome_038"}, {"app": "chrome", "exploitable": true, "updateMech": "SU", "name": "chrome_060"}, {"app": "chrome", "exploitable": true, "updateMech": "SU", "name": "chrome_035"}, {"app": "chrome", "exploitable": true, "updateMech": "SU", "name": "chrome_046"}, {"app": "chrome", "exploitable": true, "updateMech": "SU", "name": "chrome_039"}, {"app": "chrome", "exploitable": true, "updateMech": "SU", "name": "chrome_048"}, {"app": "chrome", "exploitable": true, "updateMech": "SU", "name": "chrome_044"}, {"app": "chrome", "exploitable": true, "updateMech": "SU", "name": "chrome_075"}, {"app": "chrome", "exploitable": true, "updateMech": "SU", "name": "chrome_007"}, {"app": "chrome", "exploitable": true, "updateMech": "SU", "name": "chrome_009"}, {"app": "chrome", "exploitable": true, "updateMech": "SU", "name": "chrome_100"}, {"app": "chrome", "exploitable": true, "updateMech": "SU", "name": "chrome_025"}, {"app": "chrome", "exploitable": true, "updateMech": "SU", "name": "chrome_081"}, {"app": "chrome", "exploitable": true, "updateMech": "SU", "name": "chrome_011"}, {"app": "chrome", "exploitable": true, "updateMech": "SU", "name": "chrome_016"}, {"app": "chrome", "exploitable": true, "updateMech": "SU", "name": "chrome_056"}, {"app": "chrome", "exploitable": true, "updateMech": "SU", "name": "chrome_090"}, {"app": "chrome", "exploitable": true, "updateMech": "SU", "name": "chrome_091"}, {"app": "chrome", "exploitable": true, "updateMech": "SU", "name": "chrome_031"}, {"app": "chrome", "exploitable": true, "updateMech": "SU", "name": "chrome_057"}, {"app": "chrome", "exploitable": true, "updateMech": "SU", "name": "chrome_071"}, {"app": "chrome", "exploitable": true, "updateMech": "SU", "name": "chrome_027"}, {"app": "chrome", "exploitable": true, "updateMech": "SU", "name": "chrome_043"}, {"app": "chrome", "exploitable": true, "updateMech": "SU", "name": "chrome_002"}, {"app": "chrome", "exploitable": true, "updateMech": "SU", "name": "chrome_021"}, {"app": "chrome", "exploitable": true, "updateMech": "SU", "name": "chrome_030"}, {"app": "chrome", "exploitable": true, "updateMech": "SU", "name": "chrome_098"}, {"app": "chrome", "exploitable": true, "updateMech": "SU", "name": "chrome_047"}, {"app": "chrome", "exploitable": true, "updateMech": "SU", "name": "chrome_092"}, {"app": "chrome", "exploitable": true, "updateMech": "SU", "name": "chrome_040"}, {"app": "chrome", "exploitable": true, "updateMech": "SU", "name": "chrome_078"}, {"app": "chrome", "exploitable": true, "updateMech": "SU", "name": "chrome_074"}, {"app": "chrome", "exploitable": true, "updateMech": "SU", "name": "chrome_088"}, {"app": "chrome", "exploitable": true, "updateMech": "SU", "name": "chrome_013"}, {"app": "chrome", "exploitable": true, "updateMech": "SU", "name": "chrome_097"}, {"app": "chrome", "exploitable": true, "updateMech": "SU", "name": "chrome_014"}, {"app": "chrome", "exploitable": true, "updateMech": "SU", "name": "chrome_073"}, {"app": "chrome", "exploitable": true, "updateMech": "SU", "name": "chrome_001"}, {"app": "chrome", "exploitable": true, "updateMech": "SU", "name": "chrome_061"}], [[1.1102230246251565e-16, 2.220446049250313e-16, 1.1102230246251565e-16, 1.1102230246251565e-16, 1.014585887814532, 0.9524685868302205, 0.9524685868302205, 0.7344298541354428, 0.7344298541354428, 0.9764535845332368, 0.9764535845332368, 0.9764535845332368, 0.6340070134584561, 0.9338084224077337, 0.8595681249307073, 1.3068779241088473, 1.1698805106892436, 1.2803317003850525, 1.3616940124641204, 1.0200690594904935, 1.110811360164197, 1.1214422674961386, 1.1786155683369575, 1.1209607434915139, 1.0854028643328473, 0.8517287858422373, 0.8528237991510896, 1.0356714525619264, 1.1001079694632365, 1.0443371496031542, 1.0560995186831066, 1.1349317228302214, 0.5683814691102027, 0.9664431896623056, 0.8488686919861101, 0.9006574577391829, 1.0979132527646693, 1.2735747369292776, 1.3035880608168382, 1.130793493728582, 1.130793493728582, 1.0459763802211557, 1.4553969388379222, 1.2829273872310107, 1.1944816925878778, 1.1955513777021065, 1.1329186687298916, 1.0801607101205397, 1.1023171686858344, 1.2927573600188207, 1.3755363780968648, 0.994712962005969, 1.2591321464661882, 1.3188239096394656, 1.1091871244896352, 1.1035760217805388, 1.060338156611891, 1.060338156611891, 1.0300731570392598, 1.0477927355704535, 1.0468588654453914, 1.0282835288691097, 1.265749825707084, 1.165229338775541, 1.1928044042138228, 1.0633651807434392, 1.0606607742513643, 1.0613809102754541, 1.1044614867530202, 1.0431783404323538, 1.053902998369279, 0.9684594259884752, 1.0782289540374217, 0.9815930670723012, 1.0679142649540185, 0.9662998777403671, 1.0282482052387845, 1.0299298965645136, 1.0299298965645136, 0.8005834233295229, 0.8121179871444969, 1.0630161243976666, 1.0115248923002917, 1.0702541827470282, 1.0514836196973938, 1.085787659324526, 1.0742063697876865], [2.220446049250313e-16, 2.220446049250313e-16, 2.220446049250313e-16, 2.220446049250313e-16, 1.014585887814532, 0.9524685868302205, 0.9524685868302205, 0.7344298541354428, 0.7344298541354428, 0.9764535845332368, 0.9764535845332368, 0.9764535845332368, 0.6340070134584561, 0.9338084224077337, 0.8595681249307073, 1.3068779241088473, 1.1698805106892436, 1.2803317003850523, 1.3616940124641204, 1.0200690594904935, 1.110811360164197, 1.1214422674961386, 1.1786155683369575, 1.1209607434915139, 1.0854028643328473, 0.8517287858422373, 0.8528237991510896, 1.0356714525619264, 1.1001079694632365, 1.0443371496031542, 1.0560995186831066, 1.1349317228302214, 0.5683814691102027, 0.9664431896623056, 0.8488686919861101, 0.9006574577391829, 1.0979132527646693, 1.2735747369292776, 1.3035880608168382, 1.130793493728582, 1.130793493728582, 1.0459763802211557, 1.4553969388379222, 1.2829273872310107, 1.1944816925878778, 1.1955513777021065, 1.1329186687298916, 1.0801607101205397, 1.1023171686858344, 1.2927573600188207, 1.3755363780968648, 0.994712962005969, 1.2591321464661882, 1.3188239096394656, 1.1091871244896352, 1.1035760217805386, 1.060338156611891, 1.060338156611891, 1.0300731570392598, 1.0477927355704535, 1.0468588654453914, 1.0282835288691097, 1.265749825707084, 1.165229338775541, 1.1928044042138228, 1.0633651807434392, 1.0606607742513643, 1.0613809102754541, 1.1044614867530202, 1.0431783404323538, 1.053902998369279, 0.9684594259884752, 1.0782289540374217, 0.9815930670723012, 1.0679142649540185, 0.9662998777403671, 1.0282482052387845, 1.0299298965645136, 1.0299298965645136, 0.8005834233295229, 0.8121179871444969, 1.0630161243976666, 1.0115248923002917, 1.0702541827470282, 1.0514836196973938, 1.085787659324526, 1.0742063697876865], [1.1102230246251565e-16, 2.220446049250313e-16, 2.220446049250313e-16, 2.220446049250313e-16, 1.014585887814532, 0.9524685868302205, 0.9524685868302205, 0.7344298541354428, 0.7344298541354428, 0.9764535845332368, 0.9764535845332368, 0.9764535845332368, 0.6340070134584561, 0.9338084224077337, 0.8595681249307073, 1.3068779241088473, 1.1698805106892436, 1.2803317003850523, 1.3616940124641204, 1.0200690594904935, 1.110811360164197, 1.1214422674961386, 1.1786155683369575, 1.1209607434915139, 1.0854028643328473, 0.8517287858422373, 0.8528237991510896, 1.0356714525619264, 1.1001079694632365, 1.0443371496031542, 1.0560995186831066, 1.1349317228302214, 0.5683814691102027, 0.9664431896623056, 0.8488686919861101, 0.9006574577391829, 1.0979132527646693, 1.2735747369292776, 1.3035880608168382, 1.130793493728582, 1.130793493728582, 1.0459763802211557, 1.4553969388379222, 1.2829273872310107, 1.1944816925878778, 1.1955513777021065, 1.1329186687298916, 1.0801607101205397, 1.1023171686858344, 1.2927573600188207, 1.3755363780968648, 0.994712962005969, 1.2591321464661882, 1.3188239096394656, 1.1091871244896352, 1.1035760217805388, 1.060338156611891, 1.060338156611891, 1.0300731570392598, 1.0477927355704535, 1.0468588654453914, 1.0282835288691097, 1.265749825707084, 1.165229338775541, 1.1928044042138226, 1.0633651807434392, 1.0606607742513643, 1.0613809102754541, 1.1044614867530202, 1.0431783404323538, 1.053902998369279, 0.9684594259884752, 1.0782289540374217, 0.9815930670723012, 1.0679142649540185, 0.9662998777403671, 1.0282482052387845, 1.0299298965645136, 1.0299298965645136, 0.8005834233295229, 0.8121179871444969, 1.0630161243976666, 1.0115248923002917, 1.0702541827470282, 1.0514836196973938, 1.085787659324526, 1.0742063697876865], [1.1102230246251565e-16, 2.220446049250313e-16, 2.220446049250313e-16, 1.1102230246251565e-16, 1.014585887814532, 0.9524685868302205, 0.9524685868302205, 0.7344298541354428, 0.7344298541354428, 0.9764535845332368, 0.9764535845332368, 0.9764535845332368, 0.6340070134584561, 0.9338084224077337, 0.8595681249307073, 1.3068779241088473, 1.1698805106892436, 1.2803317003850523, 1.3616940124641204, 1.0200690594904938, 1.110811360164197, 1.1214422674961386, 1.1786155683369575, 1.1209607434915139, 1.0854028643328473, 0.8517287858422373, 0.8528237991510896, 1.0356714525619264, 1.1001079694632365, 1.0443371496031542, 1.0560995186831066, 1.1349317228302214, 0.5683814691102027, 0.9664431896623056, 0.8488686919861101, 0.9006574577391829, 1.0979132527646693, 1.2735747369292776, 1.3035880608168382, 1.130793493728582, 1.130793493728582, 1.0459763802211557, 1.4553969388379222, 1.2829273872310107, 1.1944816925878778, 1.1955513777021065, 1.1329186687298916, 1.0801607101205397, 1.1023171686858344, 1.2927573600188207, 1.3755363780968648, 0.994712962005969, 1.2591321464661882, 1.3188239096394656, 1.1091871244896352, 1.1035760217805388, 1.060338156611891, 1.060338156611891, 1.0300731570392598, 1.0477927355704535, 1.0468588654453914, 1.0282835288691097, 1.265749825707084, 1.165229338775541, 1.1928044042138226, 1.0633651807434392, 1.0606607742513643, 1.0613809102754541, 1.1044614867530202, 1.0431783404323538, 1.053902998369279, 0.9684594259884752, 1.0782289540374217, 0.9815930670723012, 1.0679142649540185, 0.9662998777403671, 1.0282482052387845, 1.0299298965645136, 1.0299298965645136, 0.8005834233295229, 0.8121179871444969, 1.0630161243976666, 1.0115248923002917, 1.0702541827470282, 1.0514836196973938, 1.085787659324526, 1.0742063697876865], [1.014585887814532, 1.014585887814532, 1.014585887814532, 1.014585887814532, 2.220446049250313e-16, 0.49073006031845257, 0.49073006031845257, 0.6026101352706307, 0.6026101352706308, 1.241947749360608, 1.241947749360608, 1.241947749360608, 0.877237584248551, 0.7162902445348337, 0.5207170666440417, 0.5446383307362975, 0.5201876048242112, 0.8245198049051694, 0.7735453063019874, 0.5867855149110006, 0.5361921869747805, 0.5731453208409596, 0.6712896288885819, 0.6337775978941382, 0.8445439109742497, 0.9971700347628805, 1.0095307188618736, 0.5168960604759185, 0.48941530726463944, 0.9104486534170062, 1.4504971063028218, 1.106640903159727, 1.2204674413095689, 1.2409312479400876, 1.2449974122955818, 1.2595950021354878, 0.7681692358909259, 0.8896227313683758, 0.7499716998577757, 0.904341795003257, 0.904341795003257, 1.0233136853692624, 0.686214025949222, 0.8647753435271411, 0.7478328664134768, 0.39797546443007126, 0.6926449679311184, 0.3725400056547574, 0.48055384824113023, 0.5267642277186556, 0.7384330285307669, 1.0214632263952037, 0.9174235895913478, 0.9138073357794667, 0.8069801580039824, 0.7631417231155208, 0.7643648529453245, 0.7643648529453244, 0.9933131718260005, 1.2560427034104342, 1.2756698044890102, 1.0806141961711055, 1.2958180495334464, 1.1465103573229782, 1.1424911139459355, 1.1883239468635143, 1.1794603120782194, 1.0584449693642621, 1.1464154082878122, 1.1188757798657436, 1.1451003100588522, 1.3359978950874065, 1.299279329397251, 1.1432591762418753, 1.0351813812045234, 1.0580319677486343, 1.1216776401301434, 0.8344958574169201, 0.8344958574169201, 0.9841435919587839, 1.2090657619667964, 1.2174292417141614, 1.2477457432359575, 1.1741303393468858, 1.162168760863173, 1.27695383090172, 1.1294568243674292], [0.9524685868302205, 0.9524685868302205, 0.9524685868302205, 0.9524685868302205, 0.49073006031845257, 0.0, 0.0, 0.20933712245239722, 0.20933712245239722, 1.0222140858729867, 1.0222140858729867, 1.0222140858729867, 0.8757124240212898, 1.3528852177818997, 1.0473356266950133, 1.1070866885565394, 0.7212608650491314, 1.0951746798785378, 1.138250089344059, 1.0497592205786799, 1.0436141101726177, 0.9855871897935474, 1.1030677248770466, 1.0938857386502263, 0.7266475254282976, 1.0804579994708075, 1.0897079455633567, 0.46645160978748257, 0.5457491142074362, 0.9193415123582427, 1.4593080113684422, 1.399506357518563, 1.2158780758902854, 1.35718477057549, 1.303308397505427, 1.3696948798600168, 1.2721978441674169, 1.4262318778697105, 1.0920935524382391, 1.0394648507430573, 1.0394648507430573, 0.7454164085517887, 0.9384938011327112, 1.0938075498679591, 0.788544658367627, 0.622313629573974, 0.5936915877979796, 0.5019910225896392, 0.4747290099582764, 0.5603073328050485, 0.6869487141736645, 0.7332378984191292, 0.569836312444466, 0.7148865518108691, 0.84114192316764, 0.8025748160255153, 0.7344716328836436, 0.7344716328836436, 0.8415767541254726, 1.1595482930449295, 1.1523685146589333, 0.6803493406648669, 0.9781633804662557, 1.0017773790268856, 0.9933884687190679, 1.0366433904265222, 1.0455258278772053, 1.1738975413812507, 1.06461246465393, 1.1803338865815567, 1.1943077433962674, 1.2780517010183412, 1.2045209417852298, 1.0351169787990229, 1.1677206287925366, 1.104892799820662, 1.1243275188778596, 1.1487770608171872, 1.1487770608171872, 1.2778728507298207, 1.1302714641118097, 1.0534946418648348, 0.9965707605403514, 0.8392573150650576, 1.203489037927174, 1.0031159506317038, 1.0012628185090031], [0.9524685868302205, 0.9524685868302205, 0.9524685868302205, 0.9524685868302205, 0.49073006031845257, 0.0, 0.0, 0.20933712245239722, 0.20933712245239722, 1.0222140858729867, 1.0222140858729867, 1.0222140858729867, 0.8757124240212898, 1.3528852177818997, 1.0473356266950133, 1.1070866885565394, 0.7212608650491314, 1.0951746798785378, 1.138250089344059, 1.0497592205786799, 1.0436141101726177, 0.9855871897935474, 1.1030677248770466, 1.0938857386502263, 0.7266475254282976, 1.0804579994708075, 1.0897079455633567, 0.46645160978748257, 0.5457491142074362, 0.9193415123582427, 1.4593080113684422, 1.399506357518563, 1.2158780758902854, 1.35718477057549, 1.303308397505427, 1.3696948798600168, 1.2721978441674169, 1.4262318778697105, 1.0920935524382391, 1.0394648507430573, 1.0394648507430573, 0.7454164085517887, 0.9384938011327112, 1.0938075498679591, 0.788544658367627, 0.622313629573974, 0.5936915877979796, 0.5019910225896392, 0.4747290099582764, 0.5603073328050485, 0.6869487141736645, 0.7332378984191292, 0.569836312444466, 0.7148865518108691, 0.84114192316764, 0.8025748160255153, 0.7344716328836436, 0.7344716328836436, 0.8415767541254726, 1.1595482930449295, 1.1523685146589333, 0.6803493406648669, 0.9781633804662557, 1.0017773790268856, 0.9933884687190679, 1.0366433904265222, 1.0455258278772053, 1.1738975413812507, 1.06461246465393, 1.1803338865815567, 1.1943077433962674, 1.2780517010183412, 1.2045209417852298, 1.0351169787990229, 1.1677206287925366, 1.104892799820662, 1.1243275188778596, 1.1487770608171872, 1.1487770608171872, 1.2778728507298207, 1.1302714641118097, 1.0534946418648348, 0.9965707605403514, 0.8392573150650576, 1.203489037927174, 1.0031159506317038, 1.0012628185090031], [0.7344298541354428, 0.7344298541354428, 0.7344298541354428, 0.7344298541354428, 0.6026101352706307, 0.20933712245239722, 0.20933712245239722, 0.0, 0.0, 1.1755929249107837, 1.1755929249107837, 1.1755929249107837, 0.6720672453426195, 1.3010818716989843, 0.9875319634774241, 1.2786881165255355, 0.6208551286032806, 0.9380583980384142, 1.0127245322799996, 0.815683396182836, 0.9126232472166749, 0.7935226190637904, 0.8519963269387447, 0.8208867500813194, 0.6930339524625848, 1.1722737933244431, 1.177421266897972, 0.7276398923400529, 0.8673465525731782, 0.7242863681146297, 1.3417177513462675, 1.5048396897164187, 1.0657455775373132, 1.3459862183856846, 1.2299047872468538, 1.3270143183444174, 1.4902082289731007, 1.7294624260548894, 1.2341474088343813, 0.8871551990588166, 0.8871551990588166, 0.8624716538839341, 1.421035417276491, 1.5710608690227168, 1.2386756556336982, 1.0873556914248717, 0.9932127112493319, 0.8884949577620758, 0.8874522864562777, 0.9990406806410346, 1.1456713046598583, 0.8751091987326649, 0.8766877938017332, 1.1180911154568793, 0.9155390361016035, 0.9142718737693935, 0.8268752508086484, 0.8268752508086484, 0.8656593755279012, 1.2249094062354877, 1.2484725406989141, 0.6814531204133151, 0.8977556821928074, 0.9106706188053472, 0.906677128704125, 1.0730061187337447, 1.0816727353760172, 1.1044014329790988, 1.0181094492238763, 1.0847214574034498, 1.1110719909653477, 1.1265457469530629, 1.0985966344323843, 0.7806292642338621, 0.96815381626379, 1.0990241062940909, 1.0984584313493515, 1.1273121533590005, 1.1273121533590005, 1.1966904571338217, 0.9818885174155543, 1.1504551380289867, 1.0501270620102539, 0.9057044986068206, 1.081463463530938, 1.032368575135346, 0.9455845716774336], [0.7344298541354428, 0.7344298541354428, 0.7344298541354428, 0.7344298541354428, 0.6026101352706308, 0.20933712245239722, 0.20933712245239722, 0.0, 0.0, 1.1755929249107837, 1.1755929249107837, 1.1755929249107837, 0.6720672453426195, 1.3010818716989843, 0.9875319634774242, 1.2786881165255355, 0.6208551286032806, 0.9380583980384143, 1.0127245322799996, 0.815683396182836, 0.9126232472166749, 0.7935226190637904, 0.8519963269387447, 0.8208867500813195, 0.6930339524625847, 1.1722737933244431, 1.177421266897972, 0.7276398923400529, 0.8673465525731782, 0.7242863681146297, 1.3417177513462675, 1.5048396897164187, 1.0657455775373132, 1.3459862183856846, 1.229904787246854, 1.3270143183444174, 1.4902082289731007, 1.7294624260548894, 1.2341474088343813, 0.8871551990588166, 0.8871551990588166, 0.8624716538839341, 1.4210354172764912, 1.5710608690227166, 1.2386756556336982, 1.0873556914248717, 0.9932127112493319, 0.8884949577620758, 0.8874522864562777, 0.9990406806410346, 1.1456713046598583, 0.8751091987326649, 0.8766877938017332, 1.1180911154568793, 0.9155390361016035, 0.9142718737693936, 0.8268752508086484, 0.8268752508086484, 0.8656593755279012, 1.2249094062354875, 1.2484725406989141, 0.6814531204133152, 0.8977556821928074, 0.9106706188053472, 0.906677128704125, 1.0730061187337447, 1.0816727353760172, 1.1044014329790988, 1.0181094492238763, 1.0847214574034498, 1.1110719909653477, 1.1265457469530629, 1.0985966344323843, 0.780629264233862, 0.96815381626379, 1.0990241062940909, 1.0984584313493515, 1.1273121533590005, 1.1273121533590005, 1.1966904571338217, 0.9818885174155543, 1.1504551380289867, 1.050127062010254, 0.9057044986068206, 1.081463463530938, 1.032368575135346, 0.9455845716774336], [0.9764535845332368, 0.9764535845332368, 0.9764535845332368, 0.9764535845332368, 1.241947749360608, 1.0222140858729867, 1.0222140858729867, 1.1755929249107837, 1.1755929249107837, 0.0, 0.0, 0.0, 0.7459565385540221, 0.9772882590176599, 1.11591680856825, 1.0665632963344733, 1.0519343801437915, 1.0426986591933578, 0.936773069074762, 1.0715756111442813, 1.1532283216943644, 1.0576400622734976, 1.0379328231526057, 0.9660005217877837, 1.0207013877453694, 1.1634377324169574, 1.1541702859449328, 0.9317435710876302, 1.0605042670884166, 1.25330765979426, 1.1000106354034769, 1.256507810766108, 1.0425270305622354, 1.0813031458792506, 1.1948075743547215, 1.1866642669094685, 1.3333501269930794, 0.6816411788014594, 1.257059318339889, 1.3570889122498004, 1.3570889122498004, 1.2330104108668727, 1.031637316441095, 0.847113440773491, 0.834311599093174, 0.9929979145269648, 0.8378639085533546, 0.9619398618128432, 1.0078546601241825, 1.006860614876526, 1.124606286666532, 0.7983259992704622, 0.7796913632614028, 0.7279592632962021, 1.1760951291597146, 1.22107166090487, 1.2056774383788813, 1.2056774383788813, 1.0806011546128056, 1.029293081930708, 1.032767051940295, 1.0344162937476415, 0.9810714488357823, 0.9647991991173723, 1.0012488482543598, 1.0529933898414472, 1.0572710482782846, 1.0681240342693945, 0.9957744467018206, 0.9982598374127363, 1.004811184189103, 0.7163506983738044, 0.9492890475601147, 1.0409731264081463, 1.0553215089841554, 0.9925719444274645, 1.0048662945931275, 1.0483996265569087, 1.0483996265569087, 1.2547041397693004, 1.2904543682560403, 1.1057002687412791, 0.9523844159738243, 1.0575836783796533, 1.0080612147250834, 0.9827871625706703, 1.001021436678703], [0.9764535845332368, 0.9764535845332368, 0.9764535845332368, 0.9764535845332368, 1.241947749360608, 1.0222140858729867, 1.0222140858729867, 1.1755929249107837, 1.1755929249107837, 0.0, 0.0, 0.0, 0.7459565385540221, 0.9772882590176599, 1.11591680856825, 1.0665632963344733, 1.0519343801437915, 1.0426986591933578, 0.936773069074762, 1.0715756111442813, 1.1532283216943644, 1.0576400622734976, 1.0379328231526057, 0.9660005217877837, 1.0207013877453694, 1.1634377324169574, 1.1541702859449328, 0.9317435710876302, 1.0605042670884166, 1.25330765979426, 1.1000106354034769, 1.256507810766108, 1.0425270305622354, 1.0813031458792506, 1.1948075743547215, 1.1866642669094685, 1.3333501269930794, 0.6816411788014594, 1.257059318339889, 1.3570889122498004, 1.3570889122498004, 1.2330104108668727, 1.031637316441095, 0.847113440773491, 0.834311599093174, 0.9929979145269648, 0.8378639085533546, 0.9619398618128432, 1.0078546601241825, 1.006860614876526, 1.124606286666532, 0.7983259992704622, 0.7796913632614028, 0.7279592632962021, 1.1760951291597146, 1.22107166090487, 1.2056774383788813, 1.2056774383788813, 1.0806011546128056, 1.029293081930708, 1.032767051940295, 1.0344162937476415, 0.9810714488357823, 0.9647991991173723, 1.0012488482543598, 1.0529933898414472, 1.0572710482782846, 1.0681240342693945, 0.9957744467018206, 0.9982598374127363, 1.004811184189103, 0.7163506983738044, 0.9492890475601147, 1.0409731264081463, 1.0553215089841554, 0.9925719444274645, 1.0048662945931275, 1.0483996265569087, 1.0483996265569087, 1.2547041397693004, 1.2904543682560403, 1.1057002687412791, 0.9523844159738243, 1.0575836783796533, 1.0080612147250834, 0.9827871625706703, 1.001021436678703], [0.9764535845332368, 0.9764535845332368, 0.9764535845332368, 0.9764535845332368, 1.241947749360608, 1.0222140858729867, 1.0222140858729867, 1.1755929249107837, 1.1755929249107837, 0.0, 0.0, 0.0, 0.7459565385540221, 0.9772882590176599, 1.11591680856825, 1.0665632963344733, 1.0519343801437915, 1.0426986591933578, 0.936773069074762, 1.0715756111442813, 1.1532283216943644, 1.0576400622734976, 1.0379328231526057, 0.9660005217877837, 1.0207013877453694, 1.1634377324169574, 1.1541702859449328, 0.9317435710876302, 1.0605042670884166, 1.25330765979426, 1.1000106354034769, 1.256507810766108, 1.0425270305622354, 1.0813031458792506, 1.1948075743547215, 1.1866642669094685, 1.3333501269930794, 0.6816411788014594, 1.257059318339889, 1.3570889122498004, 1.3570889122498004, 1.2330104108668727, 1.031637316441095, 0.847113440773491, 0.834311599093174, 0.9929979145269648, 0.8378639085533546, 0.9619398618128432, 1.0078546601241825, 1.006860614876526, 1.124606286666532, 0.7983259992704622, 0.7796913632614028, 0.7279592632962021, 1.1760951291597146, 1.22107166090487, 1.2056774383788813, 1.2056774383788813, 1.0806011546128056, 1.029293081930708, 1.032767051940295, 1.0344162937476415, 0.9810714488357823, 0.9647991991173723, 1.0012488482543598, 1.0529933898414472, 1.0572710482782846, 1.0681240342693945, 0.9957744467018206, 0.9982598374127363, 1.004811184189103, 0.7163506983738044, 0.9492890475601147, 1.0409731264081463, 1.0553215089841554, 0.9925719444274645, 1.0048662945931275, 1.0483996265569087, 1.0483996265569087, 1.2547041397693004, 1.2904543682560403, 1.1057002687412791, 0.9523844159738243, 1.0575836783796533, 1.0080612147250834, 0.9827871625706703, 1.001021436678703], [0.6340070134584561, 0.6340070134584561, 0.6340070134584561, 0.6340070134584561, 0.877237584248551, 0.8757124240212898, 0.8757124240212898, 0.6720672453426195, 0.6720672453426195, 0.7459565385540221, 0.7459565385540221, 0.7459565385540221, 0.0, 0.46089592568199567, 0.42662537288821023, 0.881888975370749, 0.7586290015120205, 0.8201687018769254, 0.7740619227267964, 0.4090020008239572, 0.5446479254247686, 0.5127217725479833, 0.5857399834112007, 0.5425317476247513, 1.2768666406703797, 1.0706244183065678, 1.0633052688015996, 1.2517085363343463, 1.2150688226148367, 0.8634609034593423, 1.0717096048837682, 1.5414076129303713, 1.167210272964102, 1.4594499402283818, 1.3702278789016908, 1.4163854637913702, 1.1794925086825845, 1.1297888983227384, 1.5750869031054662, 1.1457990427323612, 1.1457990427323612, 1.3674108371627058, 1.573613739485351, 1.384633194377975, 0.9624047292548636, 1.3038857746293164, 0.9980975396109886, 1.2513906396026515, 1.2779171424454838, 1.4194268254764841, 1.4743645901446807, 1.3726425827664577, 1.4106147250058934, 1.5063467131347035, 1.3626718782565637, 1.1294147255227558, 1.1114017043719082, 1.1114017043719082, 0.8237868711544547, 1.0510449658893168, 1.0505438893109895, 0.9259217899893236, 1.0473700196481526, 0.8955219598790468, 0.9440093177926755, 0.8851337996415535, 0.8758903276525722, 1.1259720596057505, 1.1027542186325252, 1.1736110894227632, 1.2091426831807803, 0.8526587711877578, 0.8117934522905581, 1.1388608936696498, 1.188601368285046, 0.8400208512776908, 0.8891746151319915, 0.9713001509782226, 0.9713001509782226, 0.9776651562020329, 1.0609620413390715, 1.1908904778570657, 1.0211316702085442, 0.8634607180183231, 1.23293645450875, 1.0236539699514016, 1.0342501665805708], [0.9338084224077337, 0.9338084224077337, 0.9338084224077337, 0.9338084224077337, 0.7162902445348337, 1.3528852177818997, 1.3528852177818997, 1.3010818716989843, 1.3010818716989843, 0.9772882590176599, 0.9772882590176599, 0.9772882590176599, 0.46089592568199567, -2.220446049250313e-16, 0.09340137084813283, 0.5224130418223722, 1.0244037885232846, 1.0140725299137754, 0.8735875188554885, 0.3793538531925883, 0.4576792801201861, 0.5480560796584999, 0.6381808428449852, 0.5483818789520374, 1.467355377815843, 1.099943947305712, 1.0965156200469606, 1.0109297592484487, 0.8244651604614643, 0.8115500505497076, 0.9323019820934614, 0.9063542450165177, 1.1996720912670227, 1.2030663923099885, 1.1685012143442022, 1.077124556472914, 0.44482198505223314, 0.5776743590586693, 1.0849379193744024, 1.130893210066646, 1.130893210066646, 1.6309284211174435, 1.0085328474663497, 0.7921540458765326, 0.8001839718674483, 0.9828857782592344, 1.083649879393785, 1.2252390311545365, 1.266820768958134, 1.334012659081496, 1.328595994597616, 1.666208572851784, 1.6700983229389796, 1.5347383966352601, 1.3959961315101208, 1.2743157830742595, 1.3403395569823546, 1.3403395569823546, 0.9814907393884504, 0.896495696853238, 0.9062668430868744, 1.1915941669694172, 1.4800949013574747, 1.0775457002243645, 1.1214436293918737, 1.0235874579149462, 0.99600721440236, 1.1334311256783578, 1.31279620570157, 1.0567229938319165, 1.0792797901769673, 0.9465196794411989, 0.9063484204977439, 1.2164314543615053, 1.050271871309513, 0.8695060994463433, 0.8975561868386523, 0.7992871082939975, 0.7992871082939975, 0.46794431562221894, 0.9165645011456706, 1.146990383103444, 1.0675168891107065, 1.023638182640949, 1.0582279774730157, 1.039126789361074, 1.0392522929633154], [0.8595681249307073, 0.8595681249307073, 0.8595681249307073, 0.8595681249307073, 0.5207170666440417, 1.0473356266950133, 1.0473356266950133, 0.9875319634774241, 0.9875319634774242, 1.11591680856825, 1.11591680856825, 1.11591680856825, 0.42662537288821023, 0.09340137084813283, 1.1102230246251565e-16, 0.5574621589867603, 0.928961304902595, 1.0026084251325111, 0.8997620564788532, 0.3219293290903783, 0.4000374665170857, 0.47258001954834106, 0.6305839851820543, 0.5432276798624048, 1.3162315293757982, 1.1723918345726856, 1.1723842992600906, 0.7845953856615829, 0.6207562488300686, 0.6838392738161498, 1.0779225262393908, 1.0048660045131215, 1.1857011286252668, 1.2531962664678074, 1.2108881299636545, 1.1403508656030283, 0.5295060937920945, 0.8557054632344101, 1.01479322059107, 0.9911547164087183, 0.9911547164087183, 1.5602576465539277, 1.043100549171367, 0.9205199223048248, 0.8996966496161559, 0.9611730875073694, 1.129859337505408, 1.1512553385582633, 1.214837869717664, 1.277029045127831, 1.2995908241817142, 1.624869282803885, 1.6600968388619786, 1.5748544837981642, 1.494538866591796, 1.3261686537741901, 1.3676917107545283, 1.3676917107545283, 1.0596676761074324, 1.0077778999621136, 0.9978410266257126, 1.0884106248511756, 1.5295942561805331, 1.1345891637770058, 1.1724511699965254, 0.9276623096704865, 0.9022273656437272, 1.1410044809990085, 1.2933687318928189, 1.0977188195374423, 1.1318346770985472, 0.9663888863596046, 0.9654588350096086, 1.3156108713378982, 1.1748525621525974, 0.9189411669576274, 0.9529441443387294, 0.8962403123260662, 0.8962403123260662, 0.44923198981480195, 0.8911672408315483, 1.1674940319133222, 1.075641899465549, 0.9540241615972916, 1.0526181842578737, 1.0611184270128973, 1.0396865313190542], [1.3068779241088473, 1.3068779241088473, 1.3068779241088473, 1.3068779241088473, 0.5446383307362975, 1.1070866885565394, 1.1070866885565394, 1.2786881165255355, 1.2786881165255355, 1.0665632963344733, 1.0665632963344733, 1.0665632963344733, 0.881888975370749, 0.5224130418223722, 0.5574621589867603, -2.220446049250313e-16, 0.5306676973271609, 0.5171547455322397, 0.40178700851540194, 0.3269160652098706, 0.17238553969397274, 0.29383959699343576, 0.3957687663449291, 0.43305992604444365, 1.2130210402577832, 0.7593838185253359, 0.7630141863769923, 0.9780448583207261, 0.9228049713216638, 1.2608840383180864, 1.138965474016287, 0.8523045919937982, 1.2418611555142305, 1.0596742704112219, 1.09101766788476, 1.0375557882733852, 0.7674268165206299, 0.4233688142459391, 0.92791682853183, 1.131104195704403, 1.131104195704403, 1.061401311828967, 0.789672591556633, 0.8530951268811636, 0.7557014395687603, 0.8162387846608032, 0.8585418398241786, 0.7675736768132687, 0.8968761118425422, 0.8396286910179545, 0.8424985609689339, 1.1372897836681104, 1.059394313106303, 0.9080529305272141, 1.1253106917849394, 1.1230586156888012, 1.1504747100367827, 1.1504747100367827, 1.0610583698836245, 1.0336367406329117, 1.0355339499084668, 1.0760734679900867, 1.0709895905712448, 1.0125938084849975, 1.0274383053969718, 1.0654010945537435, 1.0504891374543779, 0.9786854857251446, 1.0440210317993999, 1.0204549509586331, 1.0452613154752275, 1.3831895667864815, 1.1640373810682598, 1.508026043920516, 1.2251637845485943, 1.1731851455564644, 1.208638867251183, 1.0464634832558641, 1.0464634832558641, 0.8891647042959705, 1.045470230645666, 0.9609937304100086, 0.9114954481094248, 1.1609919479093331, 0.9488271855684938, 1.0619616033083983, 1.081218632184308], [1.1698805106892436, 1.1698805106892436, 1.1698805106892436, 1.1698805106892436, 0.5201876048242112, 0.7212608650491314, 0.7212608650491314, 0.6208551286032806, 0.6208551286032806, 1.0519343801437915, 1.0519343801437915, 1.0519343801437915, 0.7586290015120205, 1.0244037885232846, 0.928961304902595, 0.5306676973271609, 0.0, 0.18201674043167582, 0.21085174913195437, 0.3810621265642231, 0.378267952720335, 0.2181380951771752, 0.15156231771747453, 0.22377963963074776, 0.8645178309144697, 0.9971088114315158, 1.004418995907427, 1.2242593710150949, 1.2778943172053332, 1.2689411354504636, 1.4812254823643265, 1.3756941985900721, 1.0120828021441937, 1.0479497168678056, 1.1232304318790542, 1.2249856977231117, 1.381387443433942, 1.0180245713270573, 0.9353183766800164, 0.7196952012521627, 0.7196952012521627, 0.7587329582520684, 1.1041388675599157, 1.2993334196814326, 0.8837164892359222, 0.9071702347069063, 0.6738224957554939, 0.60781004734005, 0.7246032149987387, 0.6671817381009674, 0.7876601928678744, 0.7100258548959885, 0.5925020967025121, 0.6796982329810302, 0.8697829611230583, 0.7159517604859635, 0.6670676766534118, 0.6670676766534118, 1.0658876636130425, 1.170594809492574, 1.187829147571608, 1.0019610251505604, 0.8596482285251635, 1.0937900044780704, 1.0664533651459183, 1.1500667020387598, 1.1568445014025186, 1.1706731715106038, 1.052877047639897, 1.1464729602090735, 1.164001522630341, 1.169337260675365, 1.3465894914894558, 1.0320403693025424, 0.8722503411050346, 1.0266787799373378, 1.1069772409660485, 1.2069433804441478, 1.2069433804441478, 1.354032322032284, 1.2127861373816584, 1.1021139922355387, 1.2114487509685463, 0.9857472411414656, 1.1224811739867593, 1.0659602275461812, 1.0663916272843237], [1.2803317003850525, 1.2803317003850523, 1.2803317003850523, 1.2803317003850523, 0.8245198049051694, 1.0951746798785378, 1.0951746798785378, 0.9380583980384142, 0.9380583980384143, 1.0426986591933578, 1.0426986591933578, 1.0426986591933578, 0.8201687018769254, 1.0140725299137754, 1.0026084251325111, 0.5171547455322397, 0.18201674043167582, -2.220446049250313e-16, 0.03180542654784935, 0.44864831155547114, 0.4054053784893339, 0.2742242850833111, 0.190952406385144, 0.3358336842430587, 0.8201029374380079, 0.8961784541706365, 0.8958530070583341, 1.4467935418858093, 1.493582444788576, 1.2005305907859243, 1.2874094601283068, 1.304118068073653, 0.9784641771414659, 0.8845539937994089, 1.0596926282836212, 1.1608253690623551, 1.3729757717847964, 1.0019088248195376, 0.8014367391732191, 0.49818176396703884, 0.49818176396703884, 0.6745043902181966, 1.1164660515226739, 1.3989750374481285, 1.084797934982701, 1.1853033080852022, 0.970702815892724, 0.9066160697379352, 1.063068173491129, 0.8551831904870003, 0.8435098350755987, 0.8476042569238607, 0.7819850386687077, 0.8228424456945049, 1.1232314391575815, 0.8325675932587422, 0.8349882558052087, 0.8349882558052087, 1.1020485782970106, 1.132555791838439, 1.1651725113800784, 1.1202431736877774, 0.64746493114732, 1.0474383746669331, 1.0171696020446253, 1.1516395963438957, 1.1622993017263652, 1.1000553062031755, 0.9763195033082795, 1.0744846280083784, 1.0886110039203223, 0.842616379505853, 1.0193373485834791, 1.2642711634235444, 1.1049530141262796, 0.9885769082173106, 1.0456589008697763, 1.096859757101772, 1.096859757101772, 1.400898023820496, 1.2727196552279858, 0.9914019296854804, 1.0932516948658577, 1.0835471235217786, 1.028208168938653, 1.018939216635318, 1.074074249985989], [1.3616940124641204, 1.3616940124641204, 1.3616940124641204, 1.3616940124641204, 0.7735453063019874, 1.138250089344059, 1.138250089344059, 1.0127245322799996, 1.0127245322799996, 0.936773069074762, 0.936773069074762, 0.936773069074762, 0.7740619227267964, 0.8735875188554885, 0.8997620564788532, 0.40178700851540194, 0.21085174913195437, 0.03180542654784935, 1.1102230246251565e-16, 0.35739214465987845, 0.31720196790183897, 0.21189613821240483, 0.1461771690703425, 0.26046622945200393, 0.8473161316334528, 0.9450526634607034, 0.9430415650437584, 1.3799367484016707, 1.4257156235614104, 1.1984142294346978, 1.2644839752207155, 1.2550946354614907, 1.0737349761224984, 0.9466639999948727, 1.112495843311188, 1.1824761260272545, 1.3241249167553126, 0.8593642465319141, 0.861237149162764, 0.6284473933113941, 0.6284473933113941, 0.8086749774023358, 1.0848331192866105, 1.334513904553028, 1.0660044044355914, 1.1633047853729954, 1.0011132770147333, 0.9363148477062802, 1.1065937636405507, 0.901784231235649, 0.9176639482539716, 0.954689053995466, 0.8591474085707783, 0.8692834732694347, 1.149600258111703, 0.933920415172869, 0.9466609838174237, 0.9466609838174237, 1.108583333635676, 1.1423238045667197, 1.1800659665204676, 1.1300020585166881, 0.6873824181476018, 0.99870079046332, 0.9868147586275124, 1.1664808609850643, 1.1731107796572509, 1.0795647070959267, 0.9886314599495842, 1.059985003288738, 1.0788042097852548, 0.8823693956440344, 0.9862588832948918, 1.2830441247500879, 1.082419649284411, 1.05403863112148, 1.0983679963793185, 0.9971130583789934, 0.9971130583789934, 1.3343960874124514, 1.2576567140422543, 1.00554479704324, 1.0285369390557126, 1.1270335409106362, 1.0242890347736635, 1.0182444220264835, 1.0839534514286164], [1.0200690594904935, 1.0200690594904935, 1.0200690594904935, 1.0200690594904938, 0.5867855149110006, 1.0497592205786799, 1.0497592205786799, 0.815683396182836, 0.815683396182836, 1.071